2 0.5535714285714285 0.23322510822510822 0.5405844155844155 0.2353896103896104 0.5351731601731602 0.257034632034632 0.547077922077922 0.270021645021645 0.5687229437229437 0.27218614718614714 0.5752164502164502 0.2656926406926407 0.5773809523809522 0.24837662337662336
2 0.5319264069264068 0.4615800865800866 0.5027056277056278 0.47240259740259744 0.5048701298701299 0.5081168831168832 0.5135281385281384 0.5211038961038962 0.5438311688311689 0.5178571428571429 0.5557359307359306 0.5135281385281385 0.5708874458874459 0.4821428571428572 0.5708874458874459 0.466991341991342
2 0.26785714285714285 0.3674242424242424 0.24080086580086577 0.375 0.2397186147186147 0.3869047619047619 0.24296536796536794 0.4182900432900433 0.2462121212121212 0.4301948051948052 0.26244588744588737 0.44101731601731603 0.2927489177489177 0.4193722943722944 0.2992424242424242 0.3869047619047619
2 0.5903679653679652 0.27435064935064934 0.5708874458874459 0.2775974025974026 0.5546536796536795 0.2819264069264069 0.5633116883116882 0.3143939393939394 0.5762987012987012 0.3122294372294372 0.5882034632034631 0.30573593073593075 0.597943722943723 0.2884199134199134
2 0.597943722943723 0.3641774891774892 0.5795454545454544 0.37283549783549785 0.5752164502164502 0.38906926406926406 0.5968614718614718 0.41287878787878785 0.6163419913419913 0.41287878787878785 0.6358225108225106 0.4074675324675324 0.652056277056277 0.3858225108225108 0.6423160173160172 0.36093073593073594
2 0.6001082251082251 0.6066017316017316 0.5914502164502164 0.610930735930736 0.5860389610389609 0.6282467532467533 0.5860389610389609 0.6423160173160174 0.5892857142857143 0.650974025974026 0.6044372294372292 0.6531385281385281 0.6152597402597402 0.6488095238095238 0.626082251082251 0.6314935064935066
2 0.2754329004329004 0.478896103896104 0.2667748917748917 0.4843073593073593 0.2602813852813852 0.492965367965368 0.25811688311688313 0.5146103896103896 0.26244588744588737 0.5297619047619048 0.29058441558441556 0.5405844155844156 0.2992424242424242 0.5362554112554113 0.2981601731601731 0.5146103896103896 0.29707792207792205 0.49729437229437234
2 0.32846320346320346 0.505952380952381 0.3165584415584415 0.5135281385281385 0.31114718614718617 0.5146103896103896 0.3079004329004329 0.5340909090909092 0.3079004329004329 0.5427489177489178 0.31980519480519476 0.5535714285714286 0.3327922077922078 0.5514069264069265 0.3414502164502165 0.5362554112554113 0.3414502164502165 0.5265151515151516 0.3414502164502165 0.5178571428571429 0.3392857142857143 0.5081168831168832
2 0.4074675324675324 0.2462121212121212 0.3933982683982684 0.25162337662337664 0.38906926406926406 0.257034632034632 0.38906926406926406 0.2775974025974026 0.4074675324675324 0.29599567099567103 0.41287878787878785 0.2949134199134199 0.4247835497835498 0.2754329004329004 0.4269480519480519 0.2635281385281385
2 0.3241341991341991 0.2992424242424242 0.32305194805194803 0.29707792207792205 0.3024891774891775 0.3111471861471861 0.29707792207792205 0.336038961038961 0.3165584415584415 0.362012987012987 0.33712121212121215 0.36525974025974023 0.35443722943722944 0.35227272727272724 0.3566017316017316 0.33712121212121215 0.35443722943722944 0.3230519480519481
2 0.466991341991342 0.3988095238095238 0.4442640692640693 0.40313852813852813 0.4442640692640693 0.41504329004329005 0.45508658008658 0.42803030303030304 0.466991341991342 0.42803030303030304 0.4724025974025974 0.42803030303030304 0.4788961038961039 0.42803030303030304 0.49080086580086574 0.41179653679653677
2 0.5405844155844155 0.34794372294372294 0.5135281385281384 0.3241341991341991 0.5016233766233765 0.3327922077922078 0.4983766233766234 0.35443722943722944 0.5059523809523809 0.3739177489177489 0.5124458874458875 0.3793290043290043 0.5319264069264068 0.3739177489177489
2 0.5211038961038962 0.6055194805194806 0.5059523809523809 0.6152597402597403 0.5005411255411256 0.6271645021645021 0.49945887445887444 0.6412337662337663 0.5156926406926406 0.6498917748917749 0.5308441558441558 0.6585497835497836 0.5492424242424242 0.6498917748917749 0.5579004329004329 0.6228354978354979 0.5535714285714285 0.597943722943723
2 0.4172077922077922 0.5687229437229437 0.4009740259740259 0.5806277056277057 0.4042207792207792 0.6055194805194806 0.4107142857142857 0.6206709956709957 0.42370129870129875 0.625 0.441017316017316 0.6217532467532467 0.45616883116883117 0.5914502164502166 0.4583333333333333 0.5795454545454546
